


Line2


128	
64	
32	
16	
8	
4	
2	
1	


64	_______
32	_xxxxxx
16	xx____x
8	___xx_x
4	xx__x__
2	_xxxxxx
1	_______

10,27,17,21,23,17,29
20,54,34,42,46,34,58


64	_______
32	_xxxxxx
16	xx____x
8	___xx_x
4	xx__x__
2	_xxxxxx
1	_______

20,54,34,42,46,34,58,99,65

20,54,34,42,46,34,58,99,73,93,73,

20,54,34,42,46,34,58,99,73,93,73,65,119

20,54,34,42,46,34,58,99,73,93,73,99,54


20,54,34,42,46,34,58,99,73,93,73,65,119,0,20,54,34,42,46,34,58,99,73,93,73,99,54


20,54,34,42,46,34,58,99,73,93,73,99,46,34,54,20

20,54,34,42,46,34,58,99,73,93,73,107,46,34,54,20



20,54,34,42,46,34,58,99,73,93,73,99,46,34,58,42,34,54,20